day: 86400
year: 31104000
dt: 600
L: 1200000
Ld: 15000
nx: 512
delta: 0.25
H1: 800
U1: 0.04
U2: 0.0
rekday: 20
rek: 0.0000005787037037037037
f0: -0.00012
beta: 0.000000000013
Ti: 375000
tmax: 466560000
twrite: 50000
tavestart: 86400
taveint: 86400
ntd: 1
sig: .000001